epsilon=1.5
MSE: 	 full domain
GRR-Nonprocess: 5.916919126602377e-05
GRR-BaseCut: 3.86858407911396e-05
GRR-NormSub: 2.4756176741259298e-05
GRR-IIW: 5.4360581915246e-05
GRR-EM: 2.991674829830207e-05
Ours,GRR-MR: 2.303019160242734e-05