Results. MSE of epsilon =  1
OLH-unbiased: 0.000212662439610748
OLH-Normsub: 0.00012548248566101675
OLH-IBU: 0.0
OLH-EM: 0.000115858528030817
OLH-MR: 0.00010688368134834745